1000
29914
19443
27905
20072
10743
49037
38352
44997
19016
61017
37602
32995
19961
8453
59694
43893
8253
21160
38615
61217
59054
40553
12415
38656
1130
37036
35475
60270
2245
45439
51593
30856
38722
5222
48455
39193
61480
83
20481
14129
45645
34656
29183
52506
37725
22387
43983
49328
30349
24504
55433
36884
35935
25171
26404
42353
53697
6544
10737
36287
31614
54691
34462
57517
40755
59698
17899
27524
57781
25672
35735
17843
10312
26792
62182
50755
10571
55916
24911
572
52822
60847
14410
41166
48138
43936
56150
24417
13321
64856
34608
62403
20183
40899
35022
62437
62746
26754
11259
61608
52420
62449
23293
10523
60982
17753
16890
39992
21094
25486
23643
18838
6601
17896
49540
27394
45027
59846
59764
23160
3688
14905
42944
21009
52773
45429
3170
257
50200
48252
37732
1608
27410
47460
14265
41236
14282
17637
52256
3551
32724
60452
43863
28838
18892
54983
38157
60953
58914
10024
28902
29185
54565
58770
1291
62823
57528
51232
57670
35672
26309
59971
41292
58008
38905
42740
2319
6849
24805
32695
53866
14468
10362
40119
56097
48304
43757
11713
13330
46434
56789
42081
31155
40373
48013
920
22733
58992
38221
30114
43576
64615
32094
41778
32837
51565
45775
8789
19726
2390
31225
4928
11937
11281
58971
20434
42965
18192
46923
40380
30956
10917
49535
60541
64911
50167
5091
50789
56702
61796
64998
59316
64057
45139
29777
42867
52894
25208
37537
11930
36716
18836
2440
31546
48960
32664
6507
20704
14604
44096
9352
51167
34986
13666
14139
38711
46820
46338
24850
44371
32150
62018
11161
52458
38220
47272
62427
37587
65089
22866
5941
64299
45556
11798
16461
28823
53757
54101
62728
35128
39543
35062
36168
3226
57001
29383
55462
51875
2688
5122
32495
50983
17112
63916
6374
47560
61161
11883
16238
63679
32643
32730
38633
65360
20571
29047
26130
63885
34317
12839
26623
52567
20378
28060
53847
48847
34895
2655
40019
34228
18767
38070
39804
56025
662
64164
21432
35040
36363
40686
6273
4829
36725
30177
48139
35056
21030
60586
38972
59893
18264
46987
12299
27359
14019
30714
20427
2634
5742
62819
9952
54101
49904
3761
3866
31372
43994
7600
27625
16934
55125
57228
29196
11207
48159
8060
62826
34686
53452
3599
37958
8640
54351
5808
39219
32156
51797
28160
43928
10300
51680
53037
56023
32226
35298
29878
59778
3078
44244
9363
51347
4059
6863
14072
47708
64726
38141
64457
9402
43772
18066
62708
56808
37157
37604
8882
491
8400
42298
55325
39704
16810
48033
41320
12619
59062
38728
44891
56780
8706
54596
62688
8023
19762
65309
25797
61095
624
37566
30843
15161
19111
39555
25188
36277
35141
63142
45544
28609
46188
40169
18503
20140
2631
20097
24883
27091
54535
12616
4420
44654
42208
32465
693
38038
15995
13577
41822
9661
41117
10691
58182
38839
10138
35364
46500
36426
21703
16679
10894
21631
33631
50749
4251
6721
15742
12121
19645
12959
21620
54621
58133
6277
20981
50515
11140
40994
48873
12901
40810
24733
53124
37890
35349
65069
35859
36513
59774
61322
32790
17408
49619
56973
47663
29450
50731
53834
52962
37090
64815
52914
42876
10130
12651
62391
22864
55112
60734
9857
50336
45711
11057
49786
11595
35167
7699
39765
20678
41361
798
45807
16086
9409
10703
12805
58563
7940
53434
58328
44176
39759
63948
34831
12667
5123
58076
33063
34753
3746
3162
18121
61125
45761
15748
33198
62403
30004
56924
48522
50838
64498
53718
42959
21249
10086
54908
9436
36541
53201
12063
48151
60378
57522
58087
11330
34760
16876
55443
37489
40303
22346
5206
22436
46737
60122
52818
58656
37263
14360
45403
52577
28327
26555
13579
51020
17711
28606
38339
52728
57539
22142
10899
8729
8610
2503
4044
63327
49940
16430
6461
64265
14963
54299
56162
39124
29427
21038
33911
16268
46984
64450
2579
32554
20577
11758
10439
29446
49134
41041
42797
20764
34535
15637
64732
9738
10358
613
8857
44505
44136
46726
1282
37724
17131
46012
13336
14769
16357
49976
22722
42808
46253
33968
59123
50369
63078
40759
56550
36383
49895
27866
26094
28796
10379
2633
33271
56170
9612
58875
39930
36767
6581
54256
39928
49445
47249
49344
64505
26050
40699
52805
51253
28811
2248
57241
52104
30608
15849
29731
39179
25734
11409
63916
7715
28672
22723
39544
51303
29957
56845
36247
53640
13291
45784
63372
6587
31090
46129
6076
6754
212
12098
13644
28661
17184
14282
35079
36037
44841
30453
11471
29352
34306
13850
37216
61836
37002
31199
5111
375
36784
35423
40444
4281
48101
15803
52181
53844
48049
17600
733
44210
28993
50312
22542
38427
29594
23031
57116
19480
53842
44198
15949
35119
14962
36167
15719
33151
28857
4080
20196
27704
27598
16054
42002
31479
45935
21246
14578
29366
19089
10435
55630
54119
43906
35682
65047
328
64010
23841
14375
20998
58839
58330
4335
8914
10788
19672
22825
3932
55313
26713
38241
56611
21168
160
36121
61403
20803
53212
23849
8190
681
59836
23565
19174
42962
18223
54361
3175
18371
18722
28555
30803
26962
49687
41583
21702
47688
40698
61043
64380
36602
8756
13312
34111
41344
36755
55346
47627
6559
41370
22588
5561
45756
64208
25741
62183
62325
20871
56697
30712
38034
31841
11250
6878
45538
9719
44561
40241
24722
27622
62980
60358
31835
46485
543
26376
15645
26771
62968
11042
1651
24519
60314
63375
17385
25136
64114
3450
43860
40028
5930
54390
19382
21373
46866
36724
40913
33189
39211
4319
41663
35129
56815
4935
31574
46810
23077
36905
49774
41736
47785
32690
61199
41815
11272
10439
34793
225
45106
29365
21674
29725
59731
47055
60228
61504
15126
57906
17504
36412
63452
50350
50645
25314
43853
48607
55652
59513
63827
40143
42730
51116
35785
27039
44137
13749
34633
108
41233
20957
48685
17392
26609
61625
6718
26714
64157
33330
7367
64321
50853
17989
11328
43386
56769
56403
48703
35729
25466
35051
57739
2151
46251
9760
49484
35346
10448
44934
871
31063
17725
52846
64196
63787
53058
8278
15238
30543
38641
253
57887
7729
9651
12346
42949
58343
50738
1379
47172
59551
28982
2810
21992
40255
17867
3274
5969
59335
2597
61229
28114
60493
60218
8713
65281
14184
39940
59058
38123
42237
45356
42456
48923
13261
26769
39689
41023
24108
